0.094
0.093
0.091
0.099
0.097
0.092
0.103
0.098
0.096
0.097
0.094
0.100
0.093
0.094
0.097
0.096
0.098
0.096
0.095
0.094
0.097
0.098
0.098
0.094
0.097
0.093
0.097
0.092
0.095
0.093
0.098
0.098
0.096
0.093
0.095
0.094
0.097
0.096
0.093
0.096
0.092
0.094
0.100
0.096
0.096
0.093
0.099
0.099
0.094
0.094
0.097
0.095
0.097
0.096
0.097
0.096
0.100
0.095
0.096
0.099
0.096
0.095
0.095
0.101
0.095
0.092
0.093
0.096
0.097
0.094
0.094
0.092
0.097
0.099
0.095
0.095
0.095
0.099
0.097
0.092
0.100
0.096
0.096
0.097
0.099
0.093
0.099
0.096
0.094
0.097
0.097
0.097
0.100
0.094
0.103
0.095
0.096
0.097
0.097
0.093
0.095
0.096
0.091
0.095
0.100
0.094
0.097
0.099
0.093
0.098
0.092
0.097
0.097
0.094
0.098
0.104
0.097
0.094
0.097
0.094
0.094
0.096
0.098
0.098
0.099
0.094
0.093
0.097
0.094
0.094
0.095
0.095
0.093
0.095
0.095
0.103
0.095
0.093
0.095
0.094
0.099
0.101
0.110
0.100
0.101
0.116
0.111
0.111
0.101
0.100
0.097
0.096
0.097
0.095
0.093
0.103
0.096
0.095
0.094
0.097
0.095
0.095
0.097
0.098
0.092
0.100
0.094
0.093
0.095
0.095
0.095
0.096
0.100
0.095
0.099
0.092
0.106
0.093
0.095
0.095
0.096
0.094
0.095
0.095
0.097
0.100
0.102
0.092
0.094
0.098
0.095
0.094
0.099
0.096
0.096
0.100
0.100
0.096
0.093
0.092
0.089
0.096
0.096
0.095
0.096
0.092
0.094
0.106
0.095
0.093
0.096
0.095
0.096
0.097
0.095
0.095
0.100
0.101
0.094
0.101
0.094
0.094
0.098
0.096
0.096
0.090
0.094
0.096
0.111
0.097
0.096
0.092
0.089
0.093
0.097
0.094
0.091
0.097
0.100
0.095
0.092
0.094
0.096
0.090
0.096
0.095
0.094
0.094
0.095
0.102
0.095
0.093
0.093
0.096
0.096
0.092
0.095
0.093
0.093
0.103
0.097
0.097
0.094
0.094
0.100
0.094
0.094
0.095
0.096
0.096
0.103
0.096
0.095
0.096
0.093
0.093
0.093
0.097
0.093
0.094
0.106
0.094
0.097
0.092
0.094
0.097
0.094
0.096
0.095
0.097
0.099
0.093
0.096
0.098
0.094
0.095
0.094
0.091
0.093
0.095
0.096
0.097
0.100
0.098
0.094
0.097
0.096
0.096
0.094
0.098
0.096
0.102
0.093
0.096
0.096
0.094
0.095
0.094
0.097
0.093
0.092
0.095
0.102
0.097
0.096
0.096
0.098
0.093
0.095
0.096
0.095
0.094
0.098
0.095
0.094
0.095
0.097
0.101
0.096
0.096
0.094
0.097
0.094
0.099
0.094
0.095
0.096
0.096
0.096
0.095
0.094
0.098
0.092
0.100
0.096
0.101
0.089
0.095
0.101
0.096
0.096
0.095
0.097
0.098
0.092
0.093
0.096
0.099
0.094
0.095
0.095
0.093
0.095
0.098
0.100
0.092
0.091
0.088
0.094
0.095
0.095
0.095
0.094
0.096
0.100
0.096
0.095
0.095
0.093
0.094
0.095
0.096
0.098
0.094
0.095
0.103
0.094
0.094
0.096
0.092
0.094
0.093
0.096
0.097
0.096
0.099
0.096
0.093
0.096
0.093
0.095
0.094
0.095
0.094
0.093
0.094
0.105
0.095
0.099
0.094
0.096
0.094
0.093
0.065
0.091
0.065
0.061
0.067
0.067
0.065
0.070
0.070
0.068
0.067
0.068
0.066
0.062
0.068
0.068
0.069
0.067
0.062
0.065
0.069
0.065
0.067
0.077
0.072
0.070
0.062
0.072
0.068
0.065
0.068
0.062
0.065
0.062
0.068
0.070
0.062
0.062
0.063
0.076
0.068
0.064
0.065
0.062
0.068
0.068
0.081
0.066
0.067
0.064
0.064
0.064
0.071
0.072
0.068
0.066
0.067
0.066
0.065
0.062
0.065
0.062
0.066
0.066
0.067
0.068
0.062
0.070
0.077
0.063
0.071
0.063
0.061
0.064
0.067
0.065
0.067
0.068
0.066
0.062
0.064
0.064
0.065
0.077
0.067
0.067
0.067
0.062
0.065
0.063
0.065
0.064
0.066
0.068
0.067
0.066
0.065
0.062
0.071
0.063
0.069
0.072
0.070
0.068
0.063
0.064
0.064
0.063
0.067
0.062
0.064
0.064
0.065
0.076
0.066
0.065
0.064
0.073
0.062
0.063
0.068
0.065
0.065
0.067
0.067
0.067
0.067
0.064
0.078
0.065
0.068
0.066
0.069
0.068
0.061
0.064
0.065
0.063
0.068
0.068
0.068
0.062
0.064
0.076
0.065
0.069
0.066
0.067
0.071
0.062
0.064
0.063
0.069
0.066
0.069
0.063
0.063
0.063
0.070
0.067
0.069
0.062
0.065
0.071
0.065
0.064
0.065
0.062
0.064
0.068
0.067
0.065
0.068
0.075
0.064
0.069
0.071
0.065
0.066
0.070
0.063
0.062
0.068
0.066
0.062
0.064
0.070
0.066
0.073
0.062
0.066
0.071
0.067
0.064
0.066
0.065
0.062
0.063
0.067
0.065
0.068
0.066
0.061
0.066
0.071
0.065
0.062
0.067
0.065
0.064
0.067
0.064
0.064
0.062
0.063
0.064
0.064
0.063
0.065
0.073
0.063
0.063
0.067
0.068
0.066
0.068
0.067
0.068
0.061
0.068
0.067
0.067
0.066
0.067
0.073
0.065
0.068
0.062
0.063
0.069
0.063
0.064
0.068
0.062
0.066
0.067
0.064
0.065
0.065
0.078
0.062
0.065
0.063
0.067
0.064
0.065
0.068
0.064
0.066
0.064
0.064
0.072
0.063
0.062
0.069
0.062
0.063
0.069
0.062
0.072
0.066
0.065
0.062
0.074
0.064
0.066
0.063
0.064
0.063
0.065
0.063
0.064
0.065
0.072
0.067
0.064
0.061
0.067
0.066
0.068
0.064
0.061
0.065
0.066
0.067
0.062
0.064
0.066
0.066
0.066
0.065
0.064
0.062
0.065
0.067
0.064
0.066
0.065
0.065
0.064
0.074
0.061
0.061
0.067
0.066
0.062
0.064
0.064
0.064
0.064
0.062
0.068
0.064
0.062
0.064
0.064
0.067
0.062
0.064
0.066
0.065
0.065
0.067
0.065
0.064
0.065
0.073
0.065
0.064
0.063
0.063
0.071
0.066
0.066
0.065
0.065
0.065
0.065
0.062
0.062
0.067
0.064
0.066
0.068
0.066
0.065
0.072
0.065
0.064
0.063
0.064
0.063
0.068
0.063
0.066
0.065
0.068
0.064
0.069
0.069
0.067
0.067
0.063
0.065
0.065
0.064
0.066
0.064
0.071
0.067
0.064
0.065
0.064
0.065
0.063
0.065
0.067
0.074
0.066
0.065
0.066
0.068
0.067
0.069
0.062
0.065
0.064
0.065
0.065
0.067
0.072
0.066
0.068
0.069
0.064
0.068
0.065
0.064
0.070
0.072
0.065
0.066
0.067
0.067
0.068
0.068
0.074
0.071
0.068
0.066
0.065
0.068
0.067
0.066
0.068
0.064
0.065
0.065
0.067
0.066
0.067
0.074
0.064
0.066
0.066
0.065
0.064
0.060
0.069
0.071
0.063
0.065
0.070
0.066
0.064
0.064
0.075
0.069
0.062
0.063
0.071
0.066
0.065
0.064
0.062
0.066
0.063
0.061
0.064
0.063
0.063
0.065
0.066
0.063
0.065
0.070
0.066
0.065
0.064
0.063
0.063
0.065
0.060
0.062
0.064
0.064
0.070
0.070
0.064
0.066
0.068
0.064
0.064
0.066
0.062
0.073
0.067
0.064
0.066
0.064
0.065
0.062
0.071
0.068
0.064
0.067
0.068
0.066
0.062
0.068
0.189
0.105
0.064
0.069
0.064
0.071
0.066
0.064
0.065
0.062
0.066
0.062
0.063
0.065
0.064
0.066
0.066
0.065
0.066
0.063
0.071
0.066
0.065
0.061
0.065
0.062
0.065
0.066
0.065
0.064
0.064
0.067
0.062
0.062
0.068
0.068
0.067
0.068
0.068
0.065
0.064
0.066
0.066
0.064
0.062
0.065
0.068
0.062
0.062
0.066
0.067
0.075
0.064
0.064
0.065
0.064
0.064
0.064
0.064
0.061
0.065
0.066
0.064
0.066
0.066
0.066
0.064
0.062
0.069
0.064
0.065
0.065
0.064
0.062
0.065
0.065
0.066
0.068
0.065
0.065
0.061
0.073
0.062
0.064
0.064
0.062
0.065
0.063
0.066
0.064
0.064
0.069
0.066
0.063
0.066
0.069
0.064
0.069
0.065
0.061
0.064
0.065
0.062
0.065
0.071
0.075
0.065
0.069
0.071
0.070
0.060
0.064
0.068
0.065
0.066
0.066
0.068
0.065
0.062
0.066
0.065
0.061
0.067
0.065
0.067
0.076
0.067
0.070
0.065
0.062
0.076
0.067
0.064
0.066
0.065
0.068
0.064
0.064
0.064
0.071
0.066
0.066
0.062
0.061
0.067
0.065
0.064
0.062
0.073
0.070
0.061
0.065
0.063
0.063
0.069
0.063
0.036
0.187
0.061
0.055
0.055
0.058
0.055
0.059
0.064
0.055
0.061
0.059
0.056
0.057
0.054
0.055
0.056
0.054
0.056
0.056
0.057
0.059
0.059
0.057
0.055
0.057
0.063
0.059
0.059
0.063
0.054
0.056
0.059
0.056
0.060
0.057
0.059
0.056
0.058
0.054
0.057
0.055
0.071
0.057
0.058
0.055
0.060
0.056
0.057
0.057
0.057
0.056
0.055
0.061
0.059
0.056
0.055
0.058
0.057
0.058
0.059
0.065
0.058
0.057
0.063
0.060
0.058
0.057
0.058
0.058
0.056
0.063
0.058
0.056
0.059
0.058
0.057
0.069
0.060
0.057
0.058
0.056
0.065
0.056
0.057
0.061
0.059
0.058
0.058
0.060
0.055
0.061
0.055
0.062
0.065
0.059
0.059
0.062
0.059
0.062
0.058
0.059
0.063
0.055
0.057
0.063
0.055
0.060
0.056
0.059
0.063
0.066
0.058
0.061
0.058
0.059
0.057
0.063
0.059
0.061
0.060
0.059
0.059
0.055
0.060
0.056
0.058
0.058
0.067
0.058
0.059
0.058
0.057
0.058
0.064
0.058
0.059
0.062
0.057
0.059
0.055
0.059
0.056
0.059
0.060
0.066
0.059
0.057
0.060
0.058
0.057
0.059
0.063
0.057
0.057
0.056
0.060
0.058
0.059
0.056
0.062
0.059
0.077
0.057
0.060
0.058
0.057
0.056
0.060
0.061
0.059
0.060
0.057
0.064
0.058
0.057
0.057
0.059
0.062
0.060
0.057
0.062
0.057
0.058
0.058
0.058
0.057
0.068
0.059
0.058
0.058
0.057
0.055
0.059
0.058
0.063
0.059
0.059
0.058
0.059
0.057
0.061
0.057
0.058
0.055
0.065
0.057
0.059
0.055
0.058
0.057
0.061
0.065
0.060
0.061
0.055
0.057
0.057
0.058
0.058
0.057
0.059
0.062
0.064
0.058
0.058
0.060
0.057
0.056
0.066
0.057
0.060
0.057
0.060
0.056
0.062
0.056
0.059
0.055
0.059
0.061
0.061
0.058
0.057
0.058
0.058
0.066
0.058
0.062
0.057
0.057
0.057
0.057
0.060
0.056
0.057
0.058
0.059
0.062
0.056
0.058
0.055
0.058
0.067
0.056
0.057
0.058
0.056
0.059
0.059
0.058
0.059
0.055
0.062
0.059
0.054
0.065
0.058
0.059
0.056
0.072
0.059
0.062
0.058
0.061
0.055
0.060
0.059
0.056
0.056
0.061
0.057
0.057
0.058
0.063
0.058
0.059
0.067
0.059
0.059
0.059
0.055
0.056
0.058
0.058
0.061
0.057
0.057
0.056
0.058
0.056
0.058
0.063
0.055
0.069
0.055
0.058
0.061
0.061
0.055
0.057
0.059
0.056
0.059
0.057
0.058
0.055
0.061
0.057
0.062
0.062
0.067
0.055
0.058
0.058
0.059
0.058
0.057
0.057
0.056
0.057
0.057
0.060
0.057
0.060
0.055
0.059
0.062
0.072
0.061
0.057
0.059
0.057
0.058
0.055
0.061
0.060
0.059
0.060
0.058
0.059
0.058
0.057
0.057
0.058
0.077
0.059
0.059
0.057
0.057
0.059
0.055
0.056
0.057
0.057
0.057
0.057
0.060
0.058
0.057
0.061
0.058
0.064
0.063
0.059
0.055
0.056
0.060
0.056
0.058
0.056
0.061
0.056
0.057
0.055
0.057
0.058
0.058
0.057
0.066
0.063
0.059
0.063
0.058
0.062
0.058
0.057
0.056
0.057
0.057
0.060
0.057
0.058
0.056
0.060
0.057
0.067
0.059
0.070
0.069
0.064
0.062
0.056
0.060
0.061
0.060
0.060
0.058
0.055
0.060
0.058
0.059
0.069
0.059
0.060
0.065
0.061
0.059
0.056
0.061
0.057
0.059
0.057
0.059
0.059
0.059
0.060
0.056
0.064
0.062
0.058
0.059
0.055
0.065
0.055
0.057
0.058
0.005
